   1   6.283044074142312E+00   7.499343608334742E-01   4.830138377570455E-09   4.018313368723557E-08  -5.081966036947205E-08
   2   5.748910672087726E+00  -1.204942681602222E+00   8.710378127572684E-09  -2.496580732628555E-09   9.265931489362266E-08
   3   2.504775453015022E+00  -3.715773151294504E-01   2.920796523354636E-08   1.333145061484316E-07   1.030012920075904E-07
   4   6.810264313444130E-01  -5.341534877134533E-01   4.378928828244704E-12   0.000000000000000E+00   0.000000000000000E+00
   5   2.013402625638491E-01   6.742240710470373E-01   1.356641253465770E-12   0.000000000000000E+00   0.000000000000000E+00
   6   5.091329319918741E+00  -9.826605311346174E-01   2.646038581123629E-12   0.000000000000000E+00   0.000000000000000E+00
   7   3.047496775217809E+00  -3.395455544019362E-01   2.764061111400049E-12   0.000000000000000E+00   0.000000000000000E+00
   8   3.782424850390000E+00   1.186374766537819E+00   3.268867047470565E-12   0.000000000000000E+00   0.000000000000000E+00
   9   4.631297151255324E+00  -3.403655117559193E-02   4.020594542016507E-12   0.000000000000000E+00   0.000000000000000E+00
  10   1.611558796025766E+00  -7.223532657493658E-01   2.354452720416269E-12   0.000000000000000E+00   0.000000000000000E+00
  11   5.720540076473903E+00  -4.896061805121931E-01   1.764141516283835E-12   0.000000000000000E+00   0.000000000000000E+00
  12   2.762151543299254E+00  -9.395381926997862E-01   4.200182458072146E-12   0.000000000000000E+00   0.000000000000000E+00
  13   2.624928247448569E+00  -5.068350430316457E-01   2.774130403635410E-12   0.000000000000000E+00   0.000000000000000E+00
  14   1.196528006328511E+00   7.049760482585203E-01   4.509991431010727E-12   0.000000000000000E+00   0.000000000000000E+00
  15   2.564049888780794E+00   3.687188406789331E-01   1.061000892723937E-12   0.000000000000000E+00   0.000000000000000E+00
  16   3.068000514227529E+00  -1.339660308699062E-01   4.704957076859319E-12   0.000000000000000E+00   0.000000000000000E+00
  17   7.751320542137276E-01   7.091173225885343E-01   2.014141314022281E-12   0.000000000000000E+00   0.000000000000000E+00
  18   3.088469640595478E-02   3.507863017378138E-01   7.975946315021401E-14   0.000000000000000E+00   0.000000000000000E+00
  19   1.720262410281100E+00  -3.369699069574784E-01   6.484177142643220E-13   0.000000000000000E+00   0.000000000000000E+00
  20   2.097869935623185E-01   2.124562221321367E-01   2.002328214405264E-13   0.000000000000000E+00   0.000000000000000E+00
  21   4.416436380358880E+00   5.200279245061530E-01   3.101859242593404E-12   0.000000000000000E+00   0.000000000000000E+00
  22   3.606229007272428E+00   7.095554272632212E-02   4.838362168170501E-12   0.000000000000000E+00   0.000000000000000E+00
  23   6.314746369130625E-01   2.235352617086735E-01   3.285618861449133E-12   0.000000000000000E+00   0.000000000000000E+00
  24   2.180273302263963E+00   6.860209223594577E-01   3.008559648593053E-12   0.000000000000000E+00   0.000000000000000E+00
  25   6.186783256950929E-01  -9.301623697925759E-02   2.446208737174387E-13   0.000000000000000E+00   0.000000000000000E+00
  26   2.416946032514793E-01   5.063638482979885E-01   2.881060197281759E-12   0.000000000000000E+00   0.000000000000000E+00
  27   5.248263426847289E+00  -5.660100148551425E-01   2.852356717349890E-12   0.000000000000000E+00   0.000000000000000E+00
  28   8.922918645475080E-01  -2.229405416481247E-01   3.873804899386918E-12   0.000000000000000E+00   0.000000000000000E+00
  29   5.853128566967040E-01  -6.920191178748918E-01   4.647631168978462E-12   0.000000000000000E+00   0.000000000000000E+00
  30   4.435764527177061E+00   6.522705773986797E-01   3.121361132606440E-12   0.000000000000000E+00   0.000000000000000E+00
  31   4.005932979796233E-01   1.311940616762134E-01   8.274168238534984E-13   0.000000000000000E+00   0.000000000000000E+00
  32   3.677896582810845E+00   8.000842661607462E-01   1.286454428635542E-12   0.000000000000000E+00   0.000000000000000E+00
  33   4.345094503050111E+00   3.359575403444663E-01   3.505448156877816E-12   0.000000000000000E+00   0.000000000000000E+00
  34   3.048017770085294E+00  -3.455223243120900E-01   1.816999798773549E-12   0.000000000000000E+00   0.000000000000000E+00
  35   3.798626870008123E+00  -9.562320968631743E-01   7.542370718147632E-13   0.000000000000000E+00   0.000000000000000E+00
  36   1.320822740240962E+00  -6.480926470239047E-01   3.118379055373692E-12   0.000000000000000E+00   0.000000000000000E+00
  37   1.953182220228845E+00   4.065108500233197E-01   2.323671054729942E-12   0.000000000000000E+00   0.000000000000000E+00
  38   2.863418436901859E+00   7.590166186386544E-01   4.280358177855845E-12   0.000000000000000E+00   0.000000000000000E+00
  39   2.560980353103740E+00   5.281151936457780E-01   4.123124828523605E-12   0.000000000000000E+00   0.000000000000000E+00
  40   5.694891219466970E+00   5.717515675799317E-02   1.646228576180801E-12   0.000000000000000E+00   0.000000000000000E+00
  41   2.453680476040348E+00   4.099371522853625E-01   4.137266970481947E-12   0.000000000000000E+00   0.000000000000000E+00
  42   3.567218608463139E+00   5.104196952951170E-01   7.142726828861378E-13   0.000000000000000E+00   0.000000000000000E+00
  43   2.516105867651833E+00   5.038911834807386E-01   3.555811897645642E-12   0.000000000000000E+00   0.000000000000000E+00
  44   9.743496401985885E-01  -1.415433484285880E+00   4.008588043726284E-12   0.000000000000000E+00   0.000000000000000E+00
  45   3.189457786861294E+00   4.142128184739482E-01   4.565191084538733E-12   0.000000000000000E+00   0.000000000000000E+00
  46   1.427247760108347E+00  -4.088155713798409E-01   3.976367051771637E-12   0.000000000000000E+00   0.000000000000000E+00
  47   5.832920273041074E+00  -9.654939292673282E-01   6.294679922956499E-13   0.000000000000000E+00   0.000000000000000E+00
  48   5.077699941222637E+00  -7.680054474662493E-01   1.776060968690710E-12   0.000000000000000E+00   0.000000000000000E+00
  49   4.878214989403648E+00   4.245772685665912E-02   2.635789070023320E-12   0.000000000000000E+00   0.000000000000000E+00
  50   1.379996334137648E+00   1.037699530481324E+00   2.519865520159436E-12   0.000000000000000E+00   0.000000000000000E+00
  51   5.755603747592875E+00   9.118411466411114E-01   1.524070044626690E-12   0.000000000000000E+00   0.000000000000000E+00
  52   5.143772495863370E+00   6.641979803517456E-01   2.757152613965282E-12   0.000000000000000E+00   0.000000000000000E+00
  53   2.408364005000618E+00  -4.258615286074687E-01   4.310227339359446E-12   0.000000000000000E+00   0.000000000000000E+00
  54   2.644331948133908E+00   1.390032979287218E+00   1.192650062427510E-12   0.000000000000000E+00   0.000000000000000E+00
  55   1.637953018571941E+00   5.331608031259923E-01   3.634668492005668E-12   0.000000000000000E+00   0.000000000000000E+00
  56   4.309439245414624E+00   1.209888835274187E-01   4.707857686712695E-12   0.000000000000000E+00   0.000000000000000E+00
  57   3.525850614763749E+00   1.624692414810709E-02   1.433512024578262E-12   0.000000000000000E+00   0.000000000000000E+00
  58   3.694609687489378E+00   2.226076449804118E-01   4.450370464285238E-12   0.000000000000000E+00   0.000000000000000E+00
  59   5.724658144055579E-01   1.309038814208329E+00   2.890581877288627E-12   0.000000000000000E+00   0.000000000000000E+00
  60   4.834619486415660E-02   8.164012640764260E-01   1.900375274839668E-12   0.000000000000000E+00   0.000000000000000E+00
  61   2.657423324076931E+00   4.118356111556087E-01   1.418289050296824E-12   0.000000000000000E+00   0.000000000000000E+00
  62   5.253230446271612E+00   5.253752145559386E-01   1.690837400405177E-12   0.000000000000000E+00   0.000000000000000E+00
  63   1.894244823233676E+00  -2.796542455611405E-01   2.894016788622039E-14   0.000000000000000E+00   0.000000000000000E+00
  64   4.179272235444141E+00   7.729334190545775E-02   7.074424402806987E-13   0.000000000000000E+00   0.000000000000000E+00
  65   3.419419509157152E+00  -7.573587249691504E-01   3.526474244983705E-12   0.000000000000000E+00   0.000000000000000E+00
  66   5.804292224326033E+00  -4.080043318295349E-01   3.506705239223290E-12   0.000000000000000E+00   0.000000000000000E+00
  67   5.473927996981796E+00  -1.083723878869442E+00   4.319979964012649E-12   0.000000000000000E+00   0.000000000000000E+00
  68   5.186619485112407E+00   6.264673758399380E-01   1.692324020918646E-12   0.000000000000000E+00   0.000000000000000E+00
  69   3.507415983198766E+00   6.970135726141241E-01   3.915683618214690E-12   0.000000000000000E+00   0.000000000000000E+00
  70   6.048823033672487E+00   6.886254694984926E-01   4.502217477561112E-12   0.000000000000000E+00   0.000000000000000E+00
  71   3.115433769212222E+00  -1.155088291651969E+00   3.959165191815597E-12   0.000000000000000E+00   0.000000000000000E+00
  72   3.346331606935766E+00   2.128172928806363E-01   4.158017562667753E-12   0.000000000000000E+00   0.000000000000000E+00
  73   2.645121423579097E+00  -4.852093871500445E-01   3.649924998265874E-12   0.000000000000000E+00   0.000000000000000E+00
  74   2.047610390202263E+00   7.967318784644014E-01   4.237876086593322E-12   0.000000000000000E+00   0.000000000000000E+00
  75   5.696263518549374E+00  -6.412198888771270E-01   4.231968588597169E-12   0.000000000000000E+00   0.000000000000000E+00
  76   5.864076410970927E+00  -4.459365283939147E-01   2.630678598242753E-13   0.000000000000000E+00   0.000000000000000E+00
  77   1.051160230058019E+00   6.093220043871823E-01   1.278353318842351E-12   0.000000000000000E+00   0.000000000000000E+00
  78   3.834109655453655E+00   5.378678376079421E-02   3.077222173738894E-13   0.000000000000000E+00   0.000000000000000E+00
  79   5.083955428671710E+00  -1.142940096883442E+00   4.216102469924476E-12   0.000000000000000E+00   0.000000000000000E+00
  80   5.243954899034948E+00   2.802127277688654E-01   3.952695633017323E-13   0.000000000000000E+00   0.000000000000000E+00
  81   2.604609719719442E-01  -1.689154895785378E-01   2.638738477676540E-12   0.000000000000000E+00   0.000000000000000E+00
  82   5.777839136882156E-02   1.535580818706375E+00   4.294754826923485E-12   0.000000000000000E+00   0.000000000000000E+00
  83   5.569638683829215E+00  -1.189311966349429E+00   9.320711748515065E-13   0.000000000000000E+00   0.000000000000000E+00
  84   8.127982127093848E-01  -1.235210064757815E+00   1.298074292125808E-12   0.000000000000000E+00   0.000000000000000E+00
  85   2.373467665377467E+00  -3.238663155961423E-01   2.024008608425537E-12   0.000000000000000E+00   0.000000000000000E+00
  86   2.056784323149094E+00   5.407810519071949E-01   1.266520115389683E-12   0.000000000000000E+00   0.000000000000000E+00
  87   2.425023985271997E+00   1.894786112271598E-01   1.187302062869248E-12   0.000000000000000E+00   0.000000000000000E+00
  88   2.590520308878081E+00  -3.136781692279931E-01   2.432632803210315E-12   0.000000000000000E+00   0.000000000000000E+00
  89   5.335031672904848E+00  -4.906880202580392E-01   3.744479035489422E-12   0.000000000000000E+00   0.000000000000000E+00
  90   4.680882727390975E+00  -1.076707113970762E+00   1.510930852664403E-12   0.000000000000000E+00   0.000000000000000E+00
  91   1.263302404695607E+00   1.641848403477213E-01   3.621139655876448E-12   0.000000000000000E+00   0.000000000000000E+00
  92   2.556970883782811E+00  -1.937233726689314E-01   1.307741579891013E-12   0.000000000000000E+00   0.000000000000000E+00
  93   6.493568442785319E-01  -9.984743285533786E-01   3.252522457509374E-12   0.000000000000000E+00   0.000000000000000E+00
  94   4.575917957240962E+00  -9.402668535972399E-01   4.490559228274375E-13   0.000000000000000E+00   0.000000000000000E+00
  95   5.039425387281726E+00   8.742971811634124E-01   3.587683958804735E-13   0.000000000000000E+00   0.000000000000000E+00
  96   4.583702018533412E+00   3.436617298113414E-01   5.645483137086915E-13   0.000000000000000E+00   0.000000000000000E+00
  97   3.792729604383450E+00   2.880373872365093E-01   4.782772676322854E-12   0.000000000000000E+00   0.000000000000000E+00
  98   5.680437901901549E+00   4.027104340550112E-01   9.449144193892563E-13   0.000000000000000E+00   0.000000000000000E+00
  99   2.211157372540980E+00   5.097708411616050E-02   6.928195536411021E-13   0.000000000000000E+00   0.000000000000000E+00
 100   2.308716865999476E+00  -3.584205923694361E-01   6.449508738407792E-13   0.000000000000000E+00   0.000000000000000E+00
 101   5.497230523567841E+00   8.391137709257884E-01   2.537167124940489E-12   0.000000000000000E+00   0.000000000000000E+00
 102   5.332710334976439E+00   1.006004955896846E-01   2.810302922446347E-12   0.000000000000000E+00   0.000000000000000E+00
 103   5.724915114393831E+00  -1.004738668462691E-01   4.162581483286955E-13   0.000000000000000E+00   0.000000000000000E+00
 104   3.213065320163664E-01   1.829542130017599E-01   2.518132795285271E-12   0.000000000000000E+00   0.000000000000000E+00
 105   2.886268842803625E+00   1.988121209641395E-01   3.020334324034575E-13   0.000000000000000E+00   0.000000000000000E+00
 106   6.015494880788481E+00  -2.388756059891827E-01   1.108424583547558E-12   0.000000000000000E+00   0.000000000000000E+00
 107   2.827604543355620E+00   6.233221849136406E-01   7.252251757908327E-13   0.000000000000000E+00   0.000000000000000E+00
 108   1.664484456982342E+00  -5.109554919182381E-01   3.796684490785959E-12   0.000000000000000E+00   0.000000000000000E+00
 109   3.238700089269487E+00   1.265228320366605E+00   4.893217022291976E-13   0.000000000000000E+00   0.000000000000000E+00
 110   3.358381192100679E+00   1.132110221659462E+00   4.773481460095728E-12   0.000000000000000E+00   0.000000000000000E+00
 111   6.237598658577179E+00   2.466918474395646E-01   3.325339351682130E-12   0.000000000000000E+00   0.000000000000000E+00
 112   4.884928133219018E+00  -3.597850642966357E-01   4.941664918318015E-13   0.000000000000000E+00   0.000000000000000E+00
 113   4.987710779650946E+00  -1.165640967588769E+00   1.077616623714816E-12   0.000000000000000E+00   0.000000000000000E+00
 114   2.692444023440222E+00   1.300171843583214E+00   1.972197095746588E-12   0.000000000000000E+00   0.000000000000000E+00
 115   5.560561780386955E+00   1.358179480365009E-01   1.911586115013621E-12   0.000000000000000E+00   0.000000000000000E+00
 116   2.484563653937336E+00  -6.940535857687510E-02   4.433569055577687E-12   0.000000000000000E+00   0.000000000000000E+00
 117   5.214181072398838E+00   4.368104991978417E-01   1.508629608024186E-12   0.000000000000000E+00   0.000000000000000E+00
 118   1.897510764440472E+00  -1.068226464716211E+00   4.044906283175040E-12   0.000000000000000E+00   0.000000000000000E+00
 119   4.749887549179485E+00  -1.762914870988719E-01   2.657401898901161E-12   0.000000000000000E+00   0.000000000000000E+00
 120   2.106842152647643E+00   2.463966934994504E-01   3.443313896890976E-12   0.000000000000000E+00   0.000000000000000E+00
 121   6.023353752785703E+00  -1.694405636706318E-01   3.530822042032491E-12   0.000000000000000E+00   0.000000000000000E+00
 122   5.192096290525886E+00   1.537950848461526E-02   6.119689296952377E-14   0.000000000000000E+00   0.000000000000000E+00
 123   3.984507195704920E+00   3.629017353807854E-01   1.519902574807155E-12   0.000000000000000E+00   0.000000000000000E+00
 124   1.561405797854444E+00  -3.591746374532375E-01   3.628262100565229E-13   0.000000000000000E+00   0.000000000000000E+00
 125   3.811508612716126E+00   7.253659705581197E-01   2.513823961975901E-12   0.000000000000000E+00   0.000000000000000E+00
 126   1.100079587448390E+00  -6.045311430763425E-01   7.802236329310537E-13   0.000000000000000E+00   0.000000000000000E+00
 127   2.742734746571263E+00  -9.628900084994310E-02   1.848236626135448E-12   0.000000000000000E+00   0.000000000000000E+00
 128   1.551344160365028E+00  -9.065203043668964E-01   8.165824074016080E-13   0.000000000000000E+00   0.000000000000000E+00
 129   1.931474013950525E+00  -9.520712940851848E-01   1.897113477736639E-12   0.000000000000000E+00   0.000000000000000E+00
 130   4.278539475100773E+00  -4.715159683142957E-01   3.956595856149282E-12   0.000000000000000E+00   0.000000000000000E+00
 131   1.077955596445060E+00  -5.135840752725271E-01   1.337035891347242E-12   0.000000000000000E+00   0.000000000000000E+00
 132   2.937067245321786E+00   3.650234756480399E-01   1.662281921276652E-12   0.000000000000000E+00   0.000000000000000E+00
 133   1.379727727748988E+00  -6.971933906831708E-01   3.346398317065795E-12   0.000000000000000E+00   0.000000000000000E+00
 134   5.356075374977877E+00   7.888252799816338E-01   3.770891007765147E-12   0.000000000000000E+00   0.000000000000000E+00
 135   2.605405731482613E+00  -4.919237405212881E-01   1.383263256077500E-12   0.000000000000000E+00   0.000000000000000E+00
 136   1.302955890589496E+00   5.534606877803207E-01   2.960471711687908E-12   0.000000000000000E+00   0.000000000000000E+00
 137   2.988697779050512E-01   1.117052723049932E+00   1.249351040150242E-12   0.000000000000000E+00   0.000000000000000E+00
 138   5.495839703942546E-01   6.140152675895244E-01   1.450265877160266E-12   0.000000000000000E+00   0.000000000000000E+00
 139   1.359467988845823E+00  -4.929101187712073E-01   3.536740997296014E-12   0.000000000000000E+00   0.000000000000000E+00
 140   1.291941393112051E+00   6.052812663547578E-01   4.583151374958052E-12   0.000000000000000E+00   0.000000000000000E+00
 141   2.688813154392547E+00  -1.200736253423285E-01   3.121056696644895E-12   0.000000000000000E+00   0.000000000000000E+00
 142   6.224070581106438E+00  -1.569975507784781E-01   6.763989574098534E-13   0.000000000000000E+00   0.000000000000000E+00
 143   5.322372489776020E+00   7.279732254293069E-01   3.100787214869864E-12   0.000000000000000E+00   0.000000000000000E+00
 144   3.078428712174402E+00  -5.301142279324884E-01   1.571880036127003E-12   0.000000000000000E+00   0.000000000000000E+00
 145   1.499850573323603E+00   6.981700710799232E-01   2.880130244188786E-12   0.000000000000000E+00   0.000000000000000E+00
 146   4.425915580421453E+00  -6.193053712487736E-01   1.595822266302920E-12   0.000000000000000E+00   0.000000000000000E+00
 147   2.504167803657990E+00   1.487682635206576E-01   4.738962025169595E-12   0.000000000000000E+00   0.000000000000000E+00
 148   2.765110853950656E+00   8.229034424178717E-01   4.796759049111937E-12   0.000000000000000E+00   0.000000000000000E+00
 149   9.605506361511137E-01   6.512310956203965E-01   2.190098578950856E-12   0.000000000000000E+00   0.000000000000000E+00
 150   3.115375972244719E+00   2.414286972389508E-01   4.625338602439060E-12   0.000000000000000E+00   0.000000000000000E+00
 151   5.564141886177255E-01  -1.076441166566170E+00   3.323253772321635E-12   0.000000000000000E+00   0.000000000000000E+00
 152   4.335295880676452E+00   2.556774318984815E-01   1.632038214365561E-12   0.000000000000000E+00   0.000000000000000E+00
 153   1.297615209703356E+00  -2.236409689475931E-01   2.741602151474592E-12   0.000000000000000E+00   0.000000000000000E+00
 154   1.094603174096957E-01   4.016696508111863E-01   2.869213599549818E-13   0.000000000000000E+00   0.000000000000000E+00
 155   5.883323652567616E+00  -1.808497627586397E-01   3.702233898576827E-12   0.000000000000000E+00   0.000000000000000E+00
 156   2.233338812337310E-01  -2.938068415839706E-01   3.361524415918639E-12   0.000000000000000E+00   0.000000000000000E+00
 157   4.886979220438845E+00   9.503909697328922E-01   1.854150258002625E-12   0.000000000000000E+00   0.000000000000000E+00
 158   3.464777053084895E+00  -7.014884777568022E-01   2.334344132538956E-13   0.000000000000000E+00   0.000000000000000E+00
 159   2.426622954733380E+00   4.835914256129457E-02   1.042613193178362E-12   0.000000000000000E+00   0.000000000000000E+00
 160   4.376151493170013E+00  -6.011305327518854E-01   4.321348742862635E-12   0.000000000000000E+00   0.000000000000000E+00
 161   5.186994319834524E-01  -1.074971809317619E+00   4.738869344342533E-12   0.000000000000000E+00   0.000000000000000E+00
 162   5.930017469757126E+00  -4.878122770724142E-02   3.229628460062302E-13   0.000000000000000E+00   0.000000000000000E+00
 163   4.800243465791841E+00   2.168258240434265E-01   2.979691895151790E-12   0.000000000000000E+00   0.000000000000000E+00
 164   1.244579069173382E+00   6.207922625837350E-01   3.032696105977569E-12   0.000000000000000E+00   0.000000000000000E+00
 165   3.541526124313227E+00   2.680302662906390E-01   1.782720618793382E-12   0.000000000000000E+00   0.000000000000000E+00
 166   1.017089815946937E-01  -2.713720621319014E-01   4.126729643794947E-12   0.000000000000000E+00   0.000000000000000E+00
 167   2.426525650200211E+00   9.069541232829145E-01   1.121341339718826E-12   0.000000000000000E+00   0.000000000000000E+00
 168   5.962349679715647E+00  -2.828931582403098E-01   3.668450498824847E-12   0.000000000000000E+00   0.000000000000000E+00
 169   9.952088858567530E-01  -1.246305254428087E-01   1.577003516139017E-12   0.000000000000000E+00   0.000000000000000E+00
 170   4.776455803386287E+00  -4.982538187054770E-01   2.940656538219569E-12   0.000000000000000E+00   0.000000000000000E+00
 171   2.813238304525990E+00  -3.507133144529910E-01   4.682201146821221E-12   0.000000000000000E+00   0.000000000000000E+00
 172   5.625339008842978E+00  -3.690277434735322E-01   4.089698563647892E-12   0.000000000000000E+00   0.000000000000000E+00
 173   3.198754792180354E-01   2.274794171384791E-01   2.556554855418728E-12   0.000000000000000E+00   0.000000000000000E+00
 174   2.922957593545871E+00   2.025704987258867E-01   2.985036296112182E-12   0.000000000000000E+00   0.000000000000000E+00
 175   5.159925335101481E+00  -4.750193349314087E-01   4.061023877014159E-12   0.000000000000000E+00   0.000000000000000E+00
 176   3.007088777620842E+00   1.402244888446769E+00   1.197475206485157E-13   0.000000000000000E+00   0.000000000000000E+00
 177   1.035418072886654E+00   1.229108429944637E+00   1.353490398832316E-12   0.000000000000000E+00   0.000000000000000E+00
 178   4.209863005275309E+00   4.941645559054516E-01   8.433757136568389E-13   0.000000000000000E+00   0.000000000000000E+00
 179   3.517922842250797E+00   8.597921697784905E-01   7.842711615287509E-13   0.000000000000000E+00   0.000000000000000E+00
 180   4.287406452724397E+00  -8.151110904541171E-01   3.301017121762178E-12   0.000000000000000E+00   0.000000000000000E+00
 181   1.839231578177014E+00   2.837041581316002E-01   4.533051121991071E-12   0.000000000000000E+00   0.000000000000000E+00
 182   1.391197350744450E-01  -2.925574644496874E-01   3.952014464043937E-12   0.000000000000000E+00   0.000000000000000E+00
 183   5.006823710738715E+00   5.810427296572875E-01   3.202950884624250E-12   0.000000000000000E+00   0.000000000000000E+00
 184   1.664500405715250E+00  -2.513965994391090E-01   2.559245866135717E-12   0.000000000000000E+00   0.000000000000000E+00
 185   4.008561375452115E+00   2.585471310921257E-01   1.983120716337510E-12   0.000000000000000E+00   0.000000000000000E+00
 186   2.914345465029282E-01  -2.548176513117417E-01   7.587632500505384E-13   0.000000000000000E+00   0.000000000000000E+00
 187   6.068276774933668E+00   3.893672385680099E-01   3.435372175183220E-12   0.000000000000000E+00   0.000000000000000E+00
 188   5.972367417959319E+00  -1.801051718582115E-01   3.178781563507498E-12   0.000000000000000E+00   0.000000000000000E+00
 189   7.561829933576025E-01  -1.197746801273490E+00   4.282917713325579E-12   0.000000000000000E+00   0.000000000000000E+00
 190   2.685822958614641E+00  -1.202690826159070E+00   1.622904399544997E-12   0.000000000000000E+00   0.000000000000000E+00
 191   1.144069437559845E-01   6.918678108718099E-01   3.023676757723992E-12   0.000000000000000E+00   0.000000000000000E+00
 192   5.900882341451377E+00  -2.330303763870573E-01   2.742074068980394E-12   0.000000000000000E+00   0.000000000000000E+00
 193   5.851973827209813E+00   1.169284379792612E+00   3.674304038171264E-12   0.000000000000000E+00   0.000000000000000E+00
 194   1.183573065051460E+00   6.348262658291400E-02   2.941266263511538E-12   0.000000000000000E+00   0.000000000000000E+00
 195   5.534610222222591E+00   3.173236841184482E-01   1.772930378181772E-13   0.000000000000000E+00   0.000000000000000E+00
 196   1.307756307051202E-01  -2.444608068172841E-01   1.150756937920312E-12   0.000000000000000E+00   0.000000000000000E+00
 197   4.352421358555034E+00   9.535812044392251E-01   3.084705631842926E-12   0.000000000000000E+00   0.000000000000000E+00
 198   4.864282646224859E+00   7.510570887489906E-01   9.996755180710058E-13   0.000000000000000E+00   0.000000000000000E+00
 199   1.152686618995481E+00   7.780411541428114E-01   1.831251973392846E-12   0.000000000000000E+00   0.000000000000000E+00
 200   3.729890455651414E+00   7.966360407118956E-01   2.855309443659865E-13   0.000000000000000E+00   0.000000000000000E+00
