   1  65
   2  61
   3  40
   4  62
   5  29
   6  47
   7  18
   8  40
   9  54
  10  47
  11  22
  12  58
  13  72
  14  24
  15  38
  16  23
  17  44
  18  20
  19  49
  20  22
  21  53
  22  57
  23  44
  24  23
  25  37
  26  43
  27  26
  28  72
  29  59
  30  46
  31  35
  32  55
  33  46
  34  20
  35  48
  36  45
  37  47
  38  41
  39  24
  40  55
  41  24
  42  35
  43  24
  44  41
  45  66
  46  71
  47  55
  48  67
  49  42
  50  37
  51  51
  52  51
  53  42
  54  48
  55  30
  56  33
  57  22
  58  42
  59  49
  60  59
  61  49
  62  66
  63  55
  64  28
  65  42
  66  52
  67  48
  68  51
  69 109
  70  45
  71  47
  72  20
  73  43
  74  56
  75  24
  76  31
  77  23
  78  53
  79  97
  80  30
  81  23
  82  41
  83  75
  84  41
  85  74
  86  27
  87  24
  88  53
  89  21
  90  50
  91  22
  92  39
  93  46
  94  41
  95  40
  96  70
  97  55
  98  68
  99  19
 100  86
 101  40
 102  19
 103  59
 104  47
 105  34
 106  43
 107  41
 108  54
 109  46
 110  46
 111  21
 112  48
 113  58
 114  51
 115  53
 116  39
 117 133
 118  47
 119  38
 120  22
 121  34
 122  39
 123  42
 124  54
 125  55
 126  52
 127  50
 128  44
 129  43
 130  26
 131  64
 132  41
 133  46
 134  47
 135  56
 136  26
 137  62
 138  32
 139  56
 140  26
 141  34
 142  26
 143  47
 144  27
 145  28
 146  23
 147  33
 148  47
 149  25
 150  35
 151  48
 152  32
 153  48
 154  36
 155  45
 156  23
 157  42
 158  55
 159  30
 160  26
 161  46
 162  34
 163  52
 164  23
 165  23
 166  21
 167  33
 168  45
 169  32
 170  30
 171  57
 172  28
 173  31
 174  33
 175  28
 176  50
 177  69
 178  65
 179  59
 180  52
 181  38
 182  21
 183  52
 184  50
 185  46
 186  21
 187  28
 188  62
 189  45
 190  38
 191  34
 192  45
 193  44
 194  26
 195  71
 196  21
 197  36
 198  46
 199  25
 200  57
