  34331   0.000000000000000E+00   3.625250362408834E+00   1.204311816494659E+00   6.097139462933138E+00   7.433419824405325E-01   5.167751636246158E+00
  34438   1.901285155516304E-06   3.625272295824245E+00   1.204265816394786E+00   6.114584791912321E+00   7.607873114197155E-01   5.185196965225341E+00
  68512   3.802570311032608E-06   3.625294227609929E+00   1.204219815390213E+00   6.132030120516174E+00   7.782326400235684E-01   5.202642293829194E+00
  68618   5.703855466548912E-06   3.625316157765842E+00   1.204173813480996E+00   6.149475448744878E+00   7.956779682522717E-01   5.220087622057897E+00
 159167   7.605140622065216E-06   3.625338086291740E+00   1.204127810667155E+00   6.166920776598685E+00   8.131232961060793E-01   5.237532949911705E+00
 159273   9.506425777581520E-06   3.625360013187545E+00   1.204081806948737E+00   6.184366104077789E+00   8.305686235851830E-01   5.254978277390809E+00
 159527   1.140771220800895E-05   3.625381938467805E+00   1.204035802294929E+00   6.201811442880416E+00   8.480139623878102E-01   5.272423616193436E+00
 159633   1.330899736352525E-05   3.625403862102960E+00   1.203989796767464E+00   6.219256769610777E+00   8.654592891181716E-01   5.289868942923797E+00
 159887   1.521028251904155E-05   3.625425784107522E+00   1.203943790335523E+00   6.236702095967112E+00   8.829046154745059E-01   5.307314269280131E+00
 159993   1.711156767455786E-05   3.625447704481451E+00   1.203897782999160E+00   6.254147421949600E+00   9.003499414569944E-01   5.324759595262620E+00
 160247   1.901285283007416E-05   3.625469623224484E+00   1.203851774758391E+00   6.271592747558501E+00   9.177952670658955E-01   5.342204920871521E+00
 160353   2.091413798559047E-05   3.625491540336593E+00   1.203805765613275E+00   5.852765614404744E-03   9.352405923013852E-01   5.359650246107011E+00
 172486   2.281542314110677E-05   3.625513455817567E+00   1.203759755563836E+00   2.329809047672448E-02   9.526859171637050E-01   5.377095570969330E+00
 172592   2.471670829662307E-05   3.625535369667246E+00   1.203713744610110E+00   4.074341496609748E-02   9.701312416530780E-01   5.394540895458703E+00
 172846   2.661799345213938E-05   3.625557281885553E+00   1.203667732752144E+00   5.818873908271720E-02   9.875765657696977E-01   5.411986219575323E+00
 172952   2.851927860765568E-05   3.625579192472292E+00   1.203621719989968E+00   7.563406282681921E-02   1.005021889513800E+00   5.429431543319425E+00
 173206   3.042056376317199E-05   3.625601101427303E+00   1.203575706323615E+00   9.307938619862682E-02   1.022467212885607E+00   5.446876866691232E+00
 173312   3.232185019359941E-05   3.625623008765170E+00   1.203529691722274E+00   1.105247208963453E-01   1.039912547583326E+00   5.464322201388951E+00
 173566   3.422313534911571E-05   3.625644914456391E+00   1.203483676247698E+00   1.279700435241810E-01   1.057357870211162E+00   5.481767524016787E+00
 173672   3.612442050463202E-05   3.625666818515433E+00   1.203437659869052E+00   1.454153657803813E-01   1.074803192467362E+00   5.499212846272987E+00
 237940   3.802570566014833E-05   3.625688720942219E+00   1.203391642586388E+00   1.628606876651400E-01   1.092248514352121E+00   5.516658168157746E+00
 238046   3.992699081566463E-05   3.625710621736606E+00   1.203345624399743E+00   1.803060091786745E-01   1.109693835865655E+00   5.534103489671280E+00
 285864   4.182827597118093E-05   3.625732520898380E+00   1.203299605309141E+00   1.977513303212266E-01   1.127139157008207E+00   5.551548810813832E+00
 315004   4.372956112669723E-05   3.625754418427465E+00   1.203253585314631E+00   2.151966510929903E-01   1.144584477779971E+00   5.568994131585596E+00
 453583   4.563084628221354E-05   3.625776314323683E+00   1.203207564416246E+00   2.326419714941951E-01   1.162029798181176E+00   5.586439451986800E+00
 478410   4.753213143772984E-05   3.625798208586922E+00   1.203161542614028E+00   2.500872915250474E-01   1.179475118212028E+00   5.603884772017653E+00
 478516   4.943341659324615E-05   3.625820101217021E+00   1.203115519908011E+00   2.675326111857707E-01   1.196920437872751E+00   5.621330091678376E+00
 529814   5.133470174876245E-05   3.625841992213785E+00   1.203069496298225E+00   2.849779304766009E-01   1.214365757163581E+00   5.638775410969206E+00
 583033   5.323598690427875E-05   3.625863881577169E+00   1.203023471784723E+00   3.024232493977199E-01   1.231811076084700E+00   5.656220729890325E+00
 583140   5.513727333470618E-05   3.625885769321628E+00   1.202977446336667E+00   3.198685796473723E-01   1.249256406334353E+00   5.673666060139978E+00
 610385   5.703855849022249E-05   3.625907655417652E+00   1.202931420015818E+00   3.373138978297833E-01   1.266701724516764E+00   5.691111378322389E+00
 610491   5.893984364573879E-05   3.625929539879861E+00   1.202885392791365E+00   3.547592156431371E-01   1.284147042330118E+00   5.708556696135743E+00
 610745   6.084112880125509E-05   3.625951422708045E+00   1.202839364663334E+00   3.722045330876763E-01   1.301592359774657E+00   5.726002013580282E+00
 699600   6.274241395677140E-05   3.625973303902043E+00   1.202793335631760E+00   3.896498501636244E-01   1.319037676850605E+00   5.743447330656230E+00
 699707   6.464369911228770E-05   3.625995183461757E+00   1.202747305696690E+00   4.070951668711826E-01   1.336482993558163E+00   5.760892647363789E+00
 699960   6.654498426780400E-05   3.626017061387028E+00   1.202701274858157E+00   4.245404832105745E-01   1.353928309897555E+00   5.778337963703180E+00
 726339   6.844626942332031E-05   3.626038937677678E+00   1.202655243116191E+00   4.419857991820302E-01   1.371373625869011E+00   5.795783279674636E+00
 726592   7.034755457883661E-05   3.626060812333626E+00   1.202609210470845E+00   4.594311147857448E-01   1.388818941472725E+00   5.813228595278351E+00
 726699   7.224883973435291E-05   3.626082685354663E+00   1.202563176922142E+00   4.768764300219595E-01   1.406264256708940E+00   5.830673910514565E+00
 779812   7.415012488986923E-05   3.626104556740693E+00   1.202517142470129E+00   4.943217448908756E-01   1.423709571577856E+00   5.848119225383481E+00
 779918   7.605141132029665E-05   3.626126426506207E+00   1.202471107083969E+00   5.117670710907163E-01   1.441154897777697E+00   5.865564551583322E+00
 831934   7.795269647581295E-05   3.626148294621752E+00   1.202425070825441E+00   5.292123852257015E-01   1.458600211912682E+00   5.883009865718307E+00
 832040   7.985398163132925E-05   3.626170161101788E+00   1.202379033663703E+00   5.466576989940669E-01   1.476045525681047E+00   5.900455179486673E+00
 855322   8.175526678684555E-05   3.626192025946252E+00   1.202332995598808E+00   5.641030123960015E-01   1.493490839082982E+00   5.917900492888608E+00
 994009   8.365655194236186E-05   3.626213889154934E+00   1.202286956630780E+00   5.815483254317474E-01   1.510936152118728E+00   5.935345805924353E+00
1024227   8.555783709787816E-05   3.626235750727753E+00   1.202240916759671E+00   5.989936381014996E-01   1.528381464788480E+00   5.952791118594106E+00
1024333   8.745912225339446E-05   3.626257610664532E+00   1.202194875985509E+00   6.164389504054885E-01   1.545826777092469E+00   5.970236430898094E+00
1071793   8.936040740891078E-05   3.626279468965074E+00   1.202148834308326E+00   6.338842623439506E-01   1.563272089030931E+00   5.987681742836556E+00
1134979   9.126169256442708E-05   3.626301325629319E+00   1.202102791728172E+00   6.513295739170746E-01   1.580717400604055E+00   6.005127054409680E+00
1135086   9.316297771994338E-05   3.626323180657053E+00   1.202056748245074E+00   6.687748851251039E-01   1.598162711812084E+00   6.022572365617710E+00
1135339   9.506426287545968E-05   3.626345034048183E+00   1.202010703859077E+00   6.862201959682388E-01   1.615608022655219E+00   6.040017676460844E+00
1135446   9.696554930588710E-05   3.626366885817201E+00   1.201964658539341E+00   7.036655181446949E-01   1.633053344831676E+00   6.057462998637301E+00
1135699   9.886683446140342E-05   3.626388735934648E+00   1.201918612347654E+00   7.211108282587095E-01   1.650498654945690E+00   6.074908308751315E+00
1135806   1.007681196169197E-04   3.626410584415002E+00   1.201872565253172E+00   7.385561380085042E-01   1.667943964695485E+00   6.092353618501110E+00
1150458   1.026694047724360E-04   3.626432431258169E+00   1.201826517255942E+00   7.560014473942796E-01   1.685389274081260E+00   6.109798927886885E+00
1150564   1.045706899279523E-04   3.626454276463969E+00   1.201780468355995E+00   7.734467564162675E-01   1.702834583103248E+00   6.127244236908873E+00
1150818   1.064719750834686E-04   3.626476120032289E+00   1.201734418553376E+00   7.908920650746746E-01   1.720279891761655E+00   6.144689545567280E+00
1150924   1.083732602389849E-04   3.626497961962967E+00   1.201688367848117E+00   8.083373733697261E-01   1.737725200056707E+00   6.162134853862332E+00
1151178   1.102745453945012E-04   3.626519802255826E+00   1.201642316240253E+00   8.257826813016521E-01   1.755170507988633E+00   6.179580161794258E+00
1151284   1.121758305500175E-04   3.626541640910784E+00   1.201596263729830E+00   8.432279888706493E-01   1.772615815557630E+00   6.197025469363255E+00
1151538   1.140771157055338E-04   3.626563477927647E+00   1.201550210316879E+00   8.606732960769533E-01   1.790061122763934E+00   6.214470776569559E+00
1241473   1.159784008610501E-04   3.626585313306267E+00   1.201504156001437E+00   8.781186029207846E-01   1.807506429607765E+00   6.231916083413390E+00
1241580   1.178796872914776E-04   3.626607147061164E+00   1.201458100752662E+00   8.955639211003437E-01   1.824951747787324E+00   6.249361401592950E+00
1275401   1.197809724469939E-04   3.626628979162913E+00   1.201412044632359E+00   9.130092272198674E-01   1.842397053906848E+00   6.266806707712473E+00
1275655   1.216822576025102E-04   3.626650809625950E+00   1.201365987609672E+00   9.304545329775884E-01   1.859842359664569E+00   1.066706290607900E-03
